function [M A] = MUB4()


M{1} = 1/2*[1 1 1 1; 1 1 -1 -1; 1 -1 -1 1; 1 -1 1 -1];
M{2} = 1/2*[1 -1 -1i -1i; 1 -1 1i 1i; 1 1 1i -1i; 1 1 -1i 1i];
M{3} = 1/2*[1 -1i -1i -1; 1 -1i 1i 1; 1 1i 1i -1; 1 1i -1i 1];
M{4} = 1/2*[1 -1i -1 -1i; 1 -1i 1 1i; 1 1i -1 1i; 1 1i 1 -1i];

A = [M{1}; M{2}; M{3}; M{4}];